[gd_scene load_steps=2 format=3 uid="uid://x1dr2avclarq"]

[ext_resource type="PackedScene" uid="uid://cmpbl2s7hjt2v" path="res://scenes/bush01.tscn" id="1_aprkn"]

[node name="Node3D" type="Node3D"]
transform = Transform3D(5.21, 0, 0, 0, 5.21, 0, 0, 0, 5.21, 0, 0, 0)

[node name="Node3D" parent="." instance=ExtResource("1_aprkn")]

[node name="Node3D2" parent="." instance=ExtResource("1_aprkn")]
transform = Transform3D(0.00418872, 0, -0.999991, 0, 1, 0, 0.999991, 0, 0.00418872, 0, 0, -1)

[node name="Node3D3" parent="." instance=ExtResource("1_aprkn")]
transform = Transform3D(-0.642814, 0, -0.766022, 0, 1, 0, 0.766022, 0, -0.642814, 1.00187, 0, -0.0178796)

[node name="Node3D4" parent="." instance=ExtResource("1_aprkn")]
transform = Transform3D(0.448352, 0, -0.893857, 0, 1, 0, 0.893857, 0, 0.448352, 0.720645, 0, -1.16239)

[node name="Node3D5" parent="." instance=ExtResource("1_aprkn")]
transform = Transform3D(0.785144, 0, -0.619313, 0, 1, 0, 0.619313, 0, 0.785144, 0.720645, 0, 0.647048)

[node name="Node3D6" parent="." instance=ExtResource("1_aprkn")]
transform = Transform3D(0.866775, 0, 0.498699, 0, 1, 0, -0.498699, 0, 0.866775, -0.450188, 0, 0.726643)

[node name="Node3D7" parent="." instance=ExtResource("1_aprkn")]
transform = Transform3D(-0.362845, 0, 0.93185, 0, 1, 0, -0.93185, 0, -0.362845, -1.2538, 0, 0.23817)

[node name="Node3D8" parent="." instance=ExtResource("1_aprkn")]
transform = Transform3D(-0.931342, 0, 0.364146, 0, 1, 0, -0.364146, 0, -0.931342, -1.00786, 0, -0.905345)

[node name="Node3D9" parent="." instance=ExtResource("1_aprkn")]
transform = Transform3D(0.476586, -0.00264523, 0.879124, 0.00282925, 0.999995, 0.00147515, -0.879123, 0.00178423, 0.476591, -1.88044, -2.38419e-07, -0.691446)
